--- Sample 000000 ---
Source: lsmb19
Shape: torch.Size([48, 20])
Frame 0 values:
  [00, 01]: (-0.0855, -0.2900)
  [02, 03]: (-0.0579, 0.0164)
  [04, 05]: (-0.0654, 0.3664)
  [06, 07]: (0.1163, 0.4730)
  [08, 09]: (-0.0654, 0.3664)
  [10, 11]: (0.1989, -0.0088)
  [12, 13]: (-0.0855, -0.2900)
  [14, 15]: (0.0234, -0.4620)
  [16, 17]: (-0.0855, -0.2900)
  [18, 19]: (-0.0336, 0.5951)
--- Sample 000011 ---
Source: babel
Shape: (300, 48)
Frame 0 values:
  [00, 01]: (-0.0754, 0.4137)
  [02, 03]: (0.0557, 0.4436)
  [04, 05]: (-0.0754, 0.4137)
  [06, 07]: (0.0794, 0.4475)
  [08, 09]: (0.0794, 0.4475)
  [10, 11]: (0.2451, 0.3570)
  [12, 13]: (0.1118, 1.0987)
  [14, 15]: (0.5562, 1.6921)
  [16, 17]: (0.5562, 1.6921)
  [18, 19]: (1.3860, 1.6577)
  [20, 21]: (0.0470, -0.2037)
  [22, 23]: (0.4689, -0.8615)
  [24, 25]: (0.4689, -0.8615)
  [26, 27]: (1.3299, -0.8352)
  [28, 29]: (0.2509, 0.5709)
  [30, 31]: (0.6389, 1.1181)
  [32, 33]: (0.6389, 1.1181)
  [34, 35]: (-0.0142, 1.2389)
  [36, 37]: (0.2392, 0.1431)
  [38, 39]: (0.4834, -0.4694)
  [40, 41]: (0.4834, -0.4694)
  [42, 43]: (-0.0799, -0.5329)
  [44, 45]: (0.2509, 0.5709)
  [46, 47]: (0.2392, 0.1431)
